4 9 4 1 5 4**9
5 5 9 7 4 8 *9584
2 1 3 *3
8 3 1 2 7 5 9 0 8 ****2*83
6 0 2 4 7 8 6 2*7**0
2 5 3 3*
7 2 4 6 5 1 0 7 2017*6*
2 0 5 *0
7 5 3 1 7 0 8 2 53*187*
3 8 5 0 85*
6 9 7 3 6 0 8 *87**9
9 5 1 9 7 3 4 6 0 8 *657*9*41
10 9 7 4 1 2 8 6 3 5 0 7**1*9**32
8 1 4 2 0 7 6 3 9 *2***0*9
2 9 1 1*
7 7 3 6 0 5 4 1 *5160**
6 5 2 8 9 7 6 **7**5
5 3 7 9 6 1 **3*1
4 0 4 8 2 8*4*
4 3 6 9 7 **76
10 2 3 4 0 7 6 5 1 9 8 *61**24**5
6 1 9 3 2 4 6 ***319
10 8 0 2 5 4 7 3 9 1 6 *2**81*30*
3 0 9 3 3**
7 5 6 3 0 2 1 8 3*651**
3 4 2 0 *40
7 0 7 4 5 1 3 9 5439*17
4 8 1 4 0 8*01
7 0 1 8 2 9 3 7 8*0*9*7
4 7 8 0 4 80**
10 9 2 7 0 1 5 3 8 4 6 *09*1*5*7*
4 6 2 5 8 ***6
9 9 7 5 1 3 2 0 6 8 7***193**
8 7 9 2 0 4 6 3 5 429*5**0
7 2 7 0 3 5 6 8 58***73
8 7 3 5 0 8 9 6 2 ***8**59
5 9 7 2 6 1 61**2
4 5 4 6 0 *506
5 6 0 1 7 4 *4*0*
8 0 3 1 4 8 6 9 5 86145*3*
5 5 2 3 1 8 23***
6 2 8 0 9 5 7 9*5780
10 6 3 1 0 9 7 4 2 5 8 08*57934**
4 2 0 5 8 802*
4 1 0 9 5 0*5*
10 2 6 4 1 0 8 5 7 3 9 5*1*8***94
9 8 4 9 5 2 1 3 7 6 *8**4**93
8 2 1 0 8 9 7 4 3 **08***9
5 6 9 1 3 0 *61**
6 3 7 2 4 1 9 **349*
5 5 7 4 9 6 *7**4
4 5 2 0 6 052*
7 1 3 6 2 7 9 5 *1*6*53
6 5 3 7 1 9 2 3****9
7 0 4 9 2 1 5 7 129*0**
9 4 8 9 1 3 5 7 6 2 8**72**5*
6 0 3 8 1 2 5 **0***
5 6 7 8 0 1 ***68
8 4 3 2 0 7 9 1 5 715**429
5 5 8 1 6 4 1645*
2 0 4 *0
5 5 3 9 7 2 927*3
9 4 5 3 2 6 7 9 1 8 46*18***2
9 6 2 1 5 4 8 3 0 9 1*4*2*69*
5 5 3 1 8 9 ***3*
7 0 8 5 7 2 4 6 08*26**
5 0 8 2 6 3 6**82
4 1 5 9 6 *61*
7 0 7 3 5 9 2 6 2*3*07*
2 0 8 *0
8 0 6 9 7 5 8 4 3 ***09**4
3 9 1 5 5**
6 6 3 0 9 7 2 *02*7*
3 0 3 9 03*
5 2 6 8 0 9 02*6*
4 9 3 7 0 **03
4 6 3 8 1 83**
2 7 4 *4
6 6 1 0 4 5 3 56**14
9 5 3 9 0 6 7 1 8 2 31****2*7
7 4 7 6 9 1 3 2 **26*73
8 4 9 1 6 7 8 3 2 31*2*496
10 9 5 7 4 6 3 2 1 0 8 **63*09**4
9 8 2 3 5 7 0 4 1 9 21**4*7*8
10 3 8 0 7 1 5 4 6 9 2 ****9*8241
8 5 2 8 6 4 3 1 7 **16**38
3 7 2 3 *7*
10 3 0 1 5 9 2 8 6 4 7 6*1****749
7 8 3 6 0 5 4 2 3084**5
10 9 0 4 3 6 1 2 8 7 5 8****715*6
10 7 3 2 4 6 0 5 1 8 9 **4*3*2869
8 6 5 1 7 0 4 9 3 6**17*05
2 8 5 8*
4 8 2 7 6 *8*7
2 0 3 *3
8 2 7 3 5 9 8 1 0 91****83
2 7 5 *7
2 6 1 1*
4 1 3 8 4 ****
7 4 0 2 7 9 5 1 *7***40

